n_S,n_C,n_L,n_K,n_D,B
6,6,2,10,5,1200
==========
Car ID,Level,Initial station
1,1,1
2,1,2
3,1,3
4,2,5
5,2,4
6,2,6
==========
Car level,Hour rate
1,100
2,400
==========
Order ID,Level,Pick-up station,Return station,Pick-up time,Return time
1,1,1,6,2023/01/04 01:00,2023/01/04 20:00
2,1,4,5,2023/01/01 16:00,2023/01/03 00:00
3,1,5,1,2023/01/02 03:30,2023/01/04 11:30
4,1,1,2,2023/01/03 12:00,2023/01/05 15:00
5,2,6,6,2023/01/01 00:00,2023/01/04 20:00
6,1,3,4,2023/01/04 23:00,2023/01/05 14:00
7,2,2,1,2023/01/02 03:30,2023/01/04 23:30
8,2,6,6,2023/01/05 04:30,2023/01/05 14:30
9,2,3,4,2023/01/01 19:30,2023/01/04 15:30
10,1,4,2,2023/01/01 06:00,2023/01/05 06:00
==========
From,To,Distance
1,1,0
1,2,180
1,3,450
1,4,300
1,5,330
1,6,270
2,1,180
2,2,0
2,3,330
2,4,240
2,5,300
2,6,360
3,1,450
3,2,330
3,3,0
3,4,180
3,5,210
3,6,240
4,1,300
4,2,240
4,3,180
4,4,0
4,5,120
4,6,150
5,1,330
5,2,300
5,3,210
5,4,120
5,5,0
5,6,90
6,1,270
6,2,360
6,3,240
6,4,150
6,5,90
6,6,0
==========
