n_C,n_L,n_S,n_K,n_D,B
21,4,15,17,7,6495
==========
Car ID,Level,Initial station
1,1,5
2,3,1
3,2,4
4,1,3
5,3,1
6,3,14
7,2,5
8,2,7
9,3,13
10,3,13
11,1,6
12,1,5
13,3,8
14,2,8
15,1,7
16,2,10
17,2,14
18,1,6
19,4,11
20,2,11
21,3,8
==========
Car level,Hour rate
1,239
2,342
3,442
4,371
==========
Order ID,Level,Pick-up station,Return station,Pick-up time,Return time
1,4,15,8,2023/01/03 00:06,2023/01/04 12:06
2,1,1,10,2023/01/02 22:05,2023/01/03 10:05
3,1,12,8,2023/01/01 08:27,2023/01/03 21:27
4,3,6,14,2023/01/07 10:53,2023/01/09 04:53
5,4,10,2,2023/01/01 19:20,2023/01/03 12:20
6,2,12,3,2023/01/05 23:53,2023/01/06 19:53
7,1,6,8,2023/01/01 15:21,2023/01/02 08:21
8,4,1,11,2023/01/02 16:21,2023/01/04 13:21
9,2,2,10,2023/01/03 12:58,2023/01/05 18:58
10,2,9,5,2023/01/03 13:01,2023/01/06 00:01
11,2,14,7,2023/01/03 20:38,2023/01/04 13:38
12,1,3,2,2023/01/08 11:07,2023/01/09 17:07
13,4,3,10,2023/01/05 06:40,2023/01/07 22:40
14,3,4,12,2023/01/08 14:36,2023/01/09 07:36
15,4,7,11,2023/01/05 08:52,2023/01/06 18:52
16,2,10,3,2023/01/05 00:47,2023/01/07 22:47
17,4,4,3,2023/01/01 04:35,2023/01/02 18:35
==========
From,To,Distance
1,1,0
1,2,2370
1,3,1530
1,4,450
1,5,1680
1,6,1650
1,7,2670
1,8,2790
1,9,2430
1,10,2940
1,11,30
1,12,1080
1,13,2430
1,14,30
1,15,990
2,1,2370
2,2,0
2,3,1170
2,4,2460
2,5,1380
2,6,2520
2,7,390
2,8,30
2,9,1800
2,10,120
2,11,2610
2,12,2970
2,13,570
2,14,2010
2,15,1620
3,1,1530
3,2,1170
3,3,0
3,4,2190
3,5,1710
3,6,750
3,7,90
3,8,1470
3,9,2700
3,10,1500
3,11,600
3,12,1620
3,13,2370
3,14,1230
3,15,1470
4,1,450
4,2,2460
4,3,2190
4,4,0
4,5,2190
4,6,600
4,7,900
4,8,2040
4,9,2670
4,10,1530
4,11,120
4,12,1890
4,13,1410
4,14,2640
4,15,660
5,1,1680
5,2,1380
5,3,1710
5,4,2190
5,5,0
5,6,1230
5,7,2580
5,8,150
5,9,1590
5,10,1560
5,11,3000
5,12,1380
5,13,1080
5,14,60
5,15,1200
6,1,1650
6,2,2520
6,3,750
6,4,600
6,5,1230
6,6,0
6,7,2490
6,8,1170
6,9,1170
6,10,60
6,11,810
6,12,1350
6,13,1560
6,14,780
6,15,2460
7,1,2670
7,2,390
7,3,90
7,4,900
7,5,2580
7,6,2490
7,7,0
7,8,2910
7,9,2190
7,10,2940
7,11,840
7,12,360
7,13,1650
7,14,900
7,15,2910
8,1,2790
8,2,30
8,3,1470
8,4,2040
8,5,150
8,6,1170
8,7,2910
8,8,0
8,9,1440
8,10,1140
8,11,90
8,12,2670
8,13,1020
8,14,900
8,15,1290
9,1,2430
9,2,1800
9,3,2700
9,4,2670
9,5,1590
9,6,1170
9,7,2190
9,8,1440
9,9,0
9,10,2070
9,11,2160
9,12,1530
9,13,1200
9,14,120
9,15,1200
10,1,2940
10,2,120
10,3,1500
10,4,1530
10,5,1560
10,6,60
10,7,2940
10,8,1140
10,9,2070
10,10,0
10,11,2730
10,12,2250
10,13,270
10,14,870
10,15,2880
11,1,30
11,2,2610
11,3,600
11,4,120
11,5,3000
11,6,810
11,7,840
11,8,90
11,9,2160
11,10,2730
11,11,0
11,12,540
11,13,2340
11,14,1980
11,15,510
12,1,1080
12,2,2970
12,3,1620
12,4,1890
12,5,1380
12,6,1350
12,7,360
12,8,2670
12,9,1530
12,10,2250
12,11,540
12,12,0
12,13,420
12,14,2430
12,15,2760
13,1,2430
13,2,570
13,3,2370
13,4,1410
13,5,1080
13,6,1560
13,7,1650
13,8,1020
13,9,1200
13,10,270
13,11,2340
13,12,420
13,13,0
13,14,1170
13,15,2430
14,1,30
14,2,2010
14,3,1230
14,4,2640
14,5,60
14,6,780
14,7,900
14,8,900
14,9,120
14,10,870
14,11,1980
14,12,2430
14,13,1170
14,14,0
14,15,1200
15,1,990
15,2,1620
15,3,1470
15,4,660
15,5,1200
15,6,2460
15,7,2910
15,8,1290
15,9,1200
15,10,2880
15,11,510
15,12,2760
15,13,2430
15,14,1200
15,15,0
==========
