n_S,n_C,n_L,n_K,n_D,B
10,10,3,20,5,5500
==========
Car ID,Level,Initial station
1,1,1
2,1,4
3,1,2
4,2,9
5,2,7
6,2,3
7,3,7
8,3,6
9,3,10
10,3,7
==========
Car level,Hour rate
1,100
2,200
3,500
==========
Order ID,Level,Pick-up station,Return station,Pick-up time,Return time
1,1,7,3,2023/01/01 06:00,2023/01/02 11:00
2,1,10,4,2023/01/02 00:30,2023/01/02 10:30
3,1,10,2,2023/01/02 03:30,2023/01/03 04:30
4,1,1,3,2023/01/03 11:00,2023/01/04 11:00
5,1,7,10,2023/01/01 19:00,2023/01/06 00:00
6,1,8,4,2023/01/03 06:00,2023/01/04 11:00
7,2,6,9,2023/01/04 01:30,2023/01/05 15:00
8,2,9,10,2023/01/02 01:00,2023/01/02 20:00
9,2,8,1,2023/01/03 15:00,2023/01/05 02:00
10,2,8,5,2023/01/02 04:00,2023/01/03 15:00
11,2,2,8,2023/01/03 00:00,2023/01/03 13:00
12,2,2,10,2023/01/02 17:30,2023/01/03 08:30
13,2,1,8,2023/01/03 16:30,2023/01/04 19:30
14,3,5,9,2023/01/03 10:30,2023/01/04 10:30
15,3,4,5,2023/01/01 14:00,2023/01/03 18:00
16,3,4,2,2023/01/01 05:00,2023/01/02 14:00
17,3,9,10,2023/01/02 16:30,2023/01/03 16:30
18,3,6,9,2023/01/01 14:00,2023/01/02 08:00
19,3,8,4,2023/01/05 01:00,2023/01/05 15:00
20,3,3,10,2023/01/02 22:30,2023/01/03 14:30
==========
From,To,Distance
1,1,0
1,2,360
1,3,360
1,4,510
1,5,690
1,6,510
1,7,690
1,8,300
1,9,540
1,10,840
2,1,360
2,2,0
2,3,660
2,4,510
2,5,630
2,6,810
2,7,990
2,8,120
2,9,840
2,10,480
3,1,360
3,2,660
3,3,0
3,4,210
3,5,390
3,6,210
3,7,330
3,8,660
3,9,240
3,10,540
4,1,510
4,2,510
4,3,210
4,4,0
4,5,180
4,6,300
4,7,480
4,8,510
4,9,330
4,10,330
5,1,690
5,2,630
5,3,390
5,4,180
5,5,0
5,6,180
5,7,360
5,8,630
5,9,210
5,10,270
6,1,510
6,2,810
6,3,210
6,4,300
6,5,180
6,6,0
6,7,180
6,8,810
6,9,30
6,10,450
7,1,690
7,2,990
7,3,330
7,4,480
7,5,360
7,6,180
7,7,0
7,8,990
7,9,150
7,10,630
8,1,300
8,2,120
8,3,660
8,4,510
8,5,630
8,6,810
8,7,990
8,8,0
8,9,840
8,10,600
9,1,540
9,2,840
9,3,240
9,4,330
9,5,210
9,6,30
9,7,150
9,8,840
9,9,0
9,10,480
10,1,840
10,2,480
10,3,540
10,4,330
10,5,270
10,6,450
10,7,630
10,8,600
10,9,480
10,10,0
==========
